Date,Changed,Total Changed
2014/06/06,47984,47984
2014/06/07,318,48302
2014/06/08,2119,50421
2014/06/09,1793,52214
2014/06/10,102,52316
2014/06/11,700,53016
2014/06/12,1130,54146
2014/06/13,271,54417
2014/06/14,22,54439
2014/06/15,1207,55646
2014/06/16,28641,84287
2014/06/17,354651,438938
2014/06/18,1130,440068
2014/06/19,19968,460036
2014/06/20,995,461031
2014/06/21,353,461384
2014/06/22,746,462130
2014/06/23,1681,463811
2014/06/24,2697,466508
2014/06/25,2155,468663
2014/06/26,629,469292
2014/06/27,748,470040
2014/06/28,544,470584
2014/06/29,74,470658
2014/06/30,984,471642
2014/07/01,1198,472840
2014/07/02,866,473706
2014/07/03,292,473998
2014/07/04,76,474074
2014/07/05,2,474076
2014/07/07,336,474412
2014/07/08,636,475048
2014/07/09,135,475183
2014/07/10,564,475747
2014/07/11,433,476180
2014/07/12,296,476476
2014/07/13,1,476477
2014/07/14,4720,481197
2014/07/15,34458,515655
2014/07/16,4235,519890
2014/07/17,798,520688
2014/07/18,1198,521886
2014/07/19,480,522366
2014/07/20,900,523266
2014/07/21,176,523442
2014/07/22,1595,525037
2014/07/23,1711,526748
2014/07/24,69,526817
2014/07/25,1915,528732
2014/07/26,229,528961
2014/07/27,454,529415
2014/07/28,764,530179
2014/07/29,1719,531898
2014/07/30,3309,535207
2014/07/31,2830,538037
2014/08/01,2884,540921
2014/08/03,2519,543440
2014/08/04,590,544030
2014/08/05,1692,545722
2014/08/06,745,546467
2014/08/07,654,547121
2014/08/08,1932,549053
2014/08/09,346,549399
2014/08/10,279,549678
2014/08/11,2601,552279
2014/08/12,380266,932545
2014/08/13,739,933284
2014/08/14,1674,934958
2014/08/15,1910,936868
2014/08/16,62,936930
2014/08/17,7,936937
2014/08/18,1461,938398
2014/08/19,1640,940038
2014/08/20,1227,941265
2014/08/21,1328,942593
2014/08/22,1351,943944
2014/08/23,79,944023
2014/08/24,2231,946254
2014/08/25,1015,947269
2014/08/26,768,948037
2014/08/27,1147,949184
2014/08/28,1727,950911
2014/08/29,1307,952218
2014/08/31,392,952610
2014/09/01,9,952619
2014/09/02,1087,953706
2014/09/03,1172,954878
2014/09/04,1110,955988
2014/09/05,2408,958396
2014/09/07,430,958826
2014/09/08,4416,963242
2014/09/09,10674,973916
2014/09/10,1107,975023
2014/09/11,2879,977902
2014/09/12,4155,982057
2014/09/14,10,982067
2014/09/15,624,982691
2014/09/16,648,983339
2014/09/17,1062,984401
2014/09/18,1585,985986
2014/09/19,562,986548
2014/09/20,163,986711
2014/09/21,778,987489
2014/09/22,982,988471
2014/09/23,1035,989506
2014/09/24,1201,990707
2014/09/25,1837,992544
2014/09/26,2303,994847
2014/09/27,200,995047
2014/09/28,20,995067
2014/09/29,2876,997943
2014/09/30,168,998111
2014/10/01,3618,1001729
2014/10/02,1046,1002775
2014/10/03,2623,1005398
2014/10/04,17,1005415
2014/10/05,6515,1011930
2014/10/06,1120,1013050
2014/10/07,4317,1017367
2014/10/08,3159,1020526
2014/10/09,4641,1025167
2014/10/10,1633,1026800
2014/10/11,552,1027352
2014/10/12,237,1027589
2014/10/13,509,1028098
2014/10/14,619,1028717
2014/10/15,12646,1041363
2014/10/16,2079,1043442
2014/10/17,987,1044429
2014/10/18,17,1044446
2014/10/19,155,1044601
2014/10/20,945,1045546
2014/10/21,51816,1097362
2014/10/22,3464,1100826
2014/10/23,2617,1103443
2014/10/24,1818,1105261
2014/10/26,587,1105848
2014/10/27,3229,1109077
2014/10/28,19960,1129037
2014/10/29,32894,1161931
2014/10/30,1907,1163838
2014/10/31,524,1164362
2014/11/01,644,1165006
2014/11/02,512,1165518
2014/11/03,583,1166101
2014/11/04,12364,1178465
2014/11/05,8648,1187113
2014/11/06,12441,1199554
2014/11/07,513,1200067
2014/11/09,5,1200072
2014/11/10,1187,1201259
2014/11/11,2456,1203715
2014/11/12,674,1204389
2014/11/13,6015,1210404
2014/11/14,278,1210682
2014/11/15,1474,1212156
2014/11/16,1154,1213310
2014/11/17,1201,1214511
2014/11/18,2161,1216672
2014/11/19,3481,1220153
2014/11/20,1292,1221445
2014/11/21,1982,1223427
2014/11/22,12,1223439
2014/11/23,2522,1225961
2014/11/24,1284,1227245
2014/11/25,2297,1229542
2014/11/26,6466,1236008
2014/11/27,678,1236686
2014/11/28,437,1237123
2014/11/29,223,1237346
2014/11/30,28391,1265737
2014/12/01,1106,1266843
2014/12/02,9405,1276248
2014/12/03,448,1276696
2014/12/04,3070,1279766
2014/12/05,52,1279818
2014/12/06,15,1279833
2014/12/07,657,1280490
2014/12/08,1461,1281951
2014/12/09,1733,1283684
2014/12/10,3753,1287437
2014/12/11,1359,1288796
2014/12/12,1766,1290562
2014/12/13,57,1290619
2014/12/14,82,1290701
2014/12/15,1648,1292349
2014/12/16,974,1293323
2014/12/17,2724,1296047
2014/12/18,9180,1305227
2014/12/19,40217,1345444
2014/12/20,1042,1346486
2014/12/21,12,1346498
2014/12/22,1313,1347811
2014/12/23,1167,1348978
2014/12/24,196,1349174
2014/12/25,10,1349184
2014/12/26,258,1349442
2014/12/27,3149,1352591
2014/12/28,188,1352779
2014/12/29,6486,1359265
2014/12/30,695,1359960
2014/12/31,234,1360194
2015/01/02,24002,1384196
2015/01/03,628,1384824
2015/01/04,2903,1387727
2015/01/05,28013,1415740
2015/01/06,2651,1418391
2015/01/07,42710,1461101
2015/01/08,13103,1474204
2015/01/09,22986,1497190
2015/01/10,450,1497640
2015/01/11,102,1497742
2015/01/12,6280,1504022
2015/01/13,2255,1506277
2015/01/14,2396,1508673
2015/01/15,48503,1557176
2015/01/16,2272,1559448
2015/01/17,236,1559684
2015/01/18,918,1560602
2015/01/19,2640,1563242
2015/01/20,1478,1564720
2015/01/21,1421,1566141
2015/01/22,10388,1576529
2015/01/23,4713,1581242
2015/01/24,1450,1582692
2015/01/25,1380,1584072
2015/01/26,27690,1611762
2015/01/27,1766,1613528
2015/01/28,3162,1616690
2015/01/29,1408,1618098
2015/01/30,2206,1620304
2015/01/31,1664,1621968
2015/02/01,91,1622059
2015/02/02,1994,1624053
2015/02/03,1525,1625578
2015/02/04,72743,1698321
2015/02/05,16014,1714335
2015/02/06,30741,1745076
2015/02/07,840,1745916
2015/02/08,705,1746621
2015/02/09,3407,1750028
2015/02/10,6318,1756346
2015/02/11,7274,1763620
2015/02/12,1226,1764846
2015/02/13,1620,1766466
2015/02/14,1291,1767757
2015/02/15,1269,1769026
2015/02/16,1273,1770299
2015/02/17,25204,1795503
2015/02/18,8970,1804473
2015/02/19,3826,1808299
2015/02/20,7992,1816291
2015/02/21,2605,1818896
2015/02/22,14463,1833359
2015/02/23,10828,1844187
2015/02/24,3690,1847877
2015/02/25,973,1848850
2015/02/26,7009,1855859
2015/02/27,2016,1857875
2015/02/28,3354,1861229
2015/03/01,222,1861451
2015/03/02,14213,1875664
2015/03/03,4247,1879911
2015/03/04,36875,1916786
2015/03/05,4333,1921119
2015/03/06,5054,1926173
2015/03/07,2642,1928815
2015/03/08,391,1929206
2015/03/09,42936,1972142
2015/03/10,91482,2063624
2015/03/11,19668,2083292
2015/03/12,10584,2093876
2015/03/13,23101,2116977
2015/03/14,1177,2118154
2015/03/15,3047,2121201
2015/03/16,19147,2140348
2015/03/17,2240,2142588
2015/03/18,1588,2144176
2015/03/19,3625,2147801
2015/03/20,6210,2154011
2015/03/21,11231,2165242
2015/03/22,1302,2166544
2015/03/23,3674,2170218
2015/03/24,20305,2190523
2015/03/25,4735,2195258
2015/03/26,5440,2200698
2015/03/27,3165,2203863
2015/03/28,500,2204363
2015/03/29,943,2205306
2015/03/30,10491,2215797
2015/03/31,2710,2218507
2015/04/01,3824,2222331
2015/04/02,3575,2225906
2015/04/03,9382,2235288
2015/04/04,543,2235831
2015/04/05,157,2235988
2015/04/06,3898,2239886
2015/04/07,3829,2243715
2015/04/08,5862,2249577
2015/04/09,3674,2253251
2015/04/10,9792,2263043
2015/04/11,1415,2264458
2015/04/12,1898,2266356
2015/04/13,192227,2458583
2015/04/14,6731,2465314
2015/04/15,2191,2467505
2015/04/16,50651,2518156
2015/04/17,7242,2525398
2015/04/18,6230,2531628
2015/04/19,86336,2617964
2015/04/20,2876,2620840
2015/04/21,5371,2626211
2015/04/22,6809,2633020
2015/04/23,7059,2640079
2015/04/24,16275,2656354
2015/04/25,125,2656479
2015/04/26,101,2656580
2015/04/27,112427,2769007
2015/04/28,12361,2781368
2015/04/29,3513,2784881
2015/04/30,7286,2792167
2015/05/01,5388,2797555
2015/05/02,391,2797946
2015/05/03,1477,2799423
2015/05/04,3285,2802708
2015/05/05,12769,2815477
2015/05/06,128640,2944117
2015/05/07,4936,2949053
2015/05/08,5185,2954238
2015/05/09,2360,2956598
2015/05/10,116,2956714
2015/05/11,7605,2964319
2015/05/12,78830,3043149
2015/05/13,5697,3048846
2015/05/14,35174,3084020
2015/05/15,13492,3097512
2015/05/16,7989,3105501
2015/05/17,112,3105613
2015/05/18,7859,3113472
2015/05/19,4221,3117693
2015/05/20,70662,3188355
2015/05/21,11605,3199960
2015/05/22,44155,3244115
2015/05/23,769,3244884
2015/05/24,4569,3249453
2015/05/25,3357,3252810
2015/05/26,9012,3261822
2015/05/27,4766,3266588
2015/05/28,3613,3270201
2015/05/29,8916,3279117
2015/05/30,9735,3288852
2015/05/31,4,3288856
2015/06/01,14495,3303351
2015/06/02,9759,3313110
2015/06/03,15411,3328521
2015/06/04,5968,3334489
2015/06/05,3087,3337576
2015/06/06,418,3337994
2015/06/07,56,3338050
2015/06/08,93229,3431279
2015/06/09,47807,3479086
2015/06/10,166409,3645495
2015/06/11,32280,3677775
2015/06/12,31612,3709387
2015/06/13,6654,3716041
2015/06/14,376,3716417
2015/06/15,88875,3805292
2015/06/16,2769,3808061
2015/06/17,4354,3812415
2015/06/18,3166,3815581
2015/06/19,2374,3817955
2015/06/20,315,3818270
2015/06/21,482,3818752
2015/06/22,3270,3822022
2015/06/23,1877,3823899
2015/06/24,2951,3826850
2015/06/25,98281,3925131
2015/06/26,4899,3930030
2015/06/27,990,3931020
2015/06/28,81,3931101
2015/06/29,3451,3934552
2015/06/30,610690,4545242
2015/07/01,3386,4548628
2015/07/02,139911,4688539
2015/07/03,410,4688949
2015/07/04,168,4689117
2015/07/05,2488,4691605
2015/07/06,1963,4693568
2015/07/07,83551,4777119
2015/07/08,1599,4778718
2015/07/09,3148,4781866
2015/07/10,7110,4788976
2015/07/11,3608,4792584
2015/07/12,79,4792663
2015/07/13,9029,4801692
2015/07/14,13428,4815120
2015/07/15,32496,4847616
2015/07/16,11778,4859394
2015/07/17,2645,4862039
2015/07/18,816,4862855
2015/07/19,1426,4864281
2015/07/20,3662,4867943
2015/07/21,768,4868711
2015/07/22,26311,4895022
2015/07/23,209258,5104280
2015/07/24,3932,5108212
2015/07/25,1006,5109218
2015/07/26,67,5109285
2015/07/27,2771,5112056
2015/07/28,8027,5120083
2015/07/29,85535,5205618
2015/07/30,5840,5211458
2015/07/31,7220,5218678
2015/08/01,55,5218733
2015/08/02,19,5218752
2015/08/03,46194,5264946
2015/08/04,4119,5269065
2015/08/05,6296,5275361
2015/08/06,5260,5280621
2015/08/07,38049,5318670
2015/08/08,951,5319621
2015/08/09,62,5319683
2015/08/10,9528,5329211
2015/08/11,49844,5379055
2015/08/12,8233,5387288
2015/08/13,523901,5911189
2015/08/14,10493,5921682
2015/08/15,1932,5923614
2015/08/16,435,5924049
2015/08/17,3102,5927151
2015/08/18,8668,5935819
2015/08/19,24381,5960200
2015/08/20,8206,5968406
2015/08/21,13630,5982036
2015/08/22,31,5982067
2015/08/23,94,5982161
2015/08/24,2011,5984172
2015/08/25,14364,5998536
2015/08/26,1873,6000409
2015/08/27,29056,6029465
2015/08/28,8950,6038415
2015/08/29,4052,6042467
2015/08/30,3068,6045535
2015/08/31,5773,6051308
2015/09/01,7315,6058623
2015/09/02,3089,6061712
2015/09/03,4641,6066353
2015/09/04,4485,6070838
2015/09/06,450,6071288
2015/09/07,1702,6072990
2015/09/08,3492,6076482
2015/09/09,8588,6085070
2015/09/10,35844,6120914
2015/09/11,4857,6125771
2015/09/12,1886,6127657
2015/09/13,13740,6141397
2015/09/14,5244,6146641
2015/09/15,3861,6150502
2015/09/16,6452,6156954
2015/09/17,7371,6164325
2015/09/18,17740,6182065
2015/09/19,5553,6187618
2015/09/20,21635,6209253
2015/09/21,54405,6263658
2015/09/22,7994,6271652
2015/09/23,8742,6280394
2015/09/24,130081,6410475
2015/09/25,4361,6414836
2015/09/26,920,6415756
2015/09/27,47,6415803
2015/09/28,2834,6418637
2015/09/29,4417,6423054
2015/09/30,91414,6514468
2015/10/01,8300,6522768
2015/10/02,17220,6539988
2015/10/03,3993,6543981
2015/10/04,933,6544914
2015/10/05,3103,6548017
2015/10/06,2835,6550852
2015/10/07,73113,6623965
2015/10/08,7862,6631827
2015/10/09,6079,6637906
2015/10/10,924,6638830
2015/10/11,1945,6640775
2015/10/12,6230,6647005
2015/10/13,18318,6665323
2015/10/14,19084,6684407
2015/10/15,231281,6915688
2015/10/16,96838,7012526
2015/10/17,205,7012731
2015/10/18,508,7013239
2015/10/19,170223,7183462
2015/10/20,5759,7189221
2015/10/21,8060,7197281
2015/10/22,8203,7205484
2015/10/23,2443,7207927
2015/10/24,1167,7209094
2015/10/25,4752,7213846
2015/10/26,375762,7589608
2015/10/27,4804,7594412
2015/10/28,1732,7596144
2015/10/29,4001,7600145
2015/10/30,5181,7605326
2015/10/31,88,7605414
2015/11/01,24,7605438
2015/11/02,17147,7622585
2015/11/03,7573,7630158
2015/11/04,400634,8030792
2015/11/05,16409,8047201
2015/11/06,7081,8054282
2015/11/07,697,8054979
2015/11/08,1564,8056543
2015/11/09,2062,8058605
2015/11/10,10508,8069113
2015/11/11,4091,8073204
2015/11/12,6637,8079841
2015/11/13,6984,8086825
2015/11/14,1726,8088551
2015/11/15,847,8089398
2015/11/16,3416,8092814
2015/11/17,3005,8095819
2015/11/18,4759,8100578
2015/11/19,16839,8117417
2015/11/20,646872,8764289
2015/11/21,827,8765116
2015/11/22,920,8766036
2015/11/23,7639,8773675
2015/11/24,21776,8795451
2015/11/25,5187,8800638
2015/11/26,74009,8874647
2015/11/27,975,8875622
2015/11/28,1056,8876678
2015/11/29,3149,8879827
2015/11/30,3844,8883671
2015/12/01,15465,8899136
2015/12/02,200811,9099947
2015/12/03,4960,9104907
2015/12/04,4753,9109660
2015/12/05,1754,9111414
2015/12/06,2001,9113415
2015/12/07,6404,9119819
2015/12/08,75275,9195094
2015/12/09,2607,9197701
2015/12/10,7577,9205278
2015/12/11,12067,9217345
2015/12/12,6330,9223675
2015/12/13,159,9223834
2015/12/14,6188,9230022
2015/12/15,3715,9233737
2015/12/16,4667,9238404
2015/12/17,3007,9241411
2015/12/18,7103,9248514
2015/12/19,83,9248597
2015/12/20,646,9249243
2015/12/21,106782,9356025
2015/12/22,1564,9357589
2015/12/23,3905,9361494
2015/12/24,8373,9369867
2015/12/25,832,9370699
2015/12/26,518,9371217
2015/12/27,480,9371697
2015/12/28,857,9372554
2015/12/29,1998,9374552
2015/12/30,20871,9395423
2015/12/31,1539,9396962
2016/01/01,175,9397137
2016/01/02,957,9398094
2016/01/03,446,9398540
2016/01/04,641552,10040092
2016/01/05,60899,10100991
2016/01/06,12921,10113912
2016/01/07,4815,10118727
2016/01/08,279739,10398466
2016/01/09,2913,10401379
2016/01/10,745,10402124
2016/01/11,119009,10521133
2016/01/12,2883,10524016
2016/01/13,2446726,12970742
2016/01/14,667299,13638041
2016/01/15,12849,13650890
2016/01/16,2053,13652943
2016/01/17,2238,13655181
2016/01/18,5548,13660729
2016/01/19,4846,13665575
2016/01/20,3505,13669080
2016/01/21,4059,13673139
2016/01/22,1909022,15582161
2016/01/23,1890,15584051
2016/01/24,701,15584752
2016/01/25,124085,15708837
2016/01/26,85865,15794702
2016/01/27,56895,15851597
2016/01/28,4564,15856161
2016/01/29,78806,15934967
2016/01/30,3076,15938043
2016/01/31,1179,15939222
2016/02/01,41699,15980921
2016/02/02,140021,16120942
2016/02/03,9015,16129957
2016/02/04,37116,16167073
2016/02/05,5598,16172671
2016/02/06,1101,16173772
2016/02/07,2605,16176377
2016/02/08,313417,16489794
2016/02/09,20269,16510063
2016/02/10,287790,16797853
2016/02/11,181623,16979476
2016/02/12,12187,16991663
2016/02/13,33308,17024971
2016/02/14,15329,17040300
2016/02/15,2220,17042520
2016/02/16,1953793,18996313
2016/02/17,22764,19019077
2016/02/18,18412,19037489
2016/02/19,22678,19060167
2016/02/20,1112,19061279
2016/02/21,741816,19803095
2016/02/22,285857,20088952
2016/02/23,4638,20093590
2016/02/24,100866,20194456
2016/02/25,121860,20316316
2016/02/26,291624,20607940
2016/02/27,638,20608578
2016/02/28,1505,20610083
2016/02/29,103639,20713722
2016/03/01,7599491,28313213
2016/03/02,8976,28322189
2016/03/03,12603,28334792
2016/03/04,43722,28378514
2016/03/05,3747,28382261
2016/03/06,7322,28389583
2016/03/07,96065,28485648
2016/03/08,14730,28500378
2016/03/09,4570,28504948
2016/03/10,3650,28508598
2016/03/11,25814,28534412
2016/03/12,20205,28554617
2016/03/13,790,28555407
2016/03/14,5033,28560440
2016/03/15,16647,28577087
2016/03/16,9974,28587061
2016/03/17,157293,28744354
2016/03/18,99878,28844232
2016/03/19,384130,29228362
2016/03/20,3695,29232057
2016/03/21,5493,29237550
2016/03/22,14956,29252506
2016/03/23,8725,29261231
2016/03/24,19197,29280428
2016/03/25,16690,29297118
2016/03/26,1670,29298788
2016/03/27,401,29299189
2016/03/28,6633,29305822
2016/03/29,21714,29327536
2016/03/30,84830,29412366
2016/03/31,27154,29439520
2016/04/01,2322,29441842
2016/04/02,266,29442108
2016/04/03,625,29442733
2016/04/04,4979,29447712
2016/04/05,127019,29574731
2016/04/06,15138,29589869
2016/04/07,7081,29596950
2016/04/08,5853,29602803
2016/04/09,320,29603123
2016/04/10,1538,29604661
2016/04/11,7059,29611720
2016/04/12,4778,29616498
2016/04/13,15087,29631585
2016/04/14,11616,29643201
2016/04/15,20519,29663720
2016/04/16,2026,29665746
2016/04/17,480889,30146635
2016/04/18,6023,30152658
2016/04/19,25662,30178320
2016/04/20,735288,30913608
2016/04/21,142050,31055658
2016/04/22,58437,31114095
2016/04/23,1172,31115267
2016/04/24,1599,31116866
2016/04/25,8164,31125030
2016/04/26,15948,31140978
2016/04/27,31271,31172249
2016/04/28,9811,31182060
2016/04/29,8412,31190472
2016/04/30,1022,31191494
2016/05/01,1142,31192636
2016/05/02,5025,31197661
2016/05/03,7925,31205586
2016/05/04,294519,31500105
2016/05/05,13088,31513193
2016/05/06,12992,31526185
2016/05/07,11679,31537864
2016/05/08,1330,31539194
2016/05/09,300479,31839673
2016/05/10,439206,32278879
2016/05/11,46252,32325131
2016/05/12,93362,32418493
2016/05/13,149809,32568302
2016/05/14,3076,32571378
2016/05/15,1215,32572593
2016/05/16,5408,32578001
2016/05/17,42424,32620425
2016/05/18,9897,32630322
2016/05/19,24896,32655218
2016/05/20,23991,32679209
2016/05/21,2482,32681691
2016/05/22,6785,32688476
2016/05/23,7686,32696162
2016/05/24,23181,32719343
2016/05/25,27110,32746453
2016/05/26,16408,32762861
2016/05/27,8512,32771373
2016/05/28,3116,32774489
2016/05/29,6292,32780781
2016/05/30,17109,32797890
2016/05/31,511363,33309253
2016/06/01,68543,33377796
2016/06/02,11769,33389565
2016/06/03,28331,33417896
2016/06/04,163504,33581400
2016/06/05,4833,33586233
2016/06/06,9899,33596132
2016/06/07,7685,33603817
2016/06/08,9143,33612960
2016/06/09,8900,33621860
2016/06/10,61009,33682869
2016/06/11,1226,33684095
2016/06/12,832,33684927
2016/06/13,9947,33694874
2016/06/14,19602,33714476
2016/06/15,6698,33721174
2016/06/16,5340,33726514
2016/06/17,3296,33729810
2016/06/18,2635,33732445
2016/06/19,590,33733035
2016/06/20,4299,33737334
2016/06/21,14161,33751495
2016/06/22,5597,33757092
2016/06/23,7892,33764984
2016/06/24,2895,33767879
2016/06/25,2171,33770050
2016/06/26,9148,33779198
2016/06/27,9097,33788295
2016/06/28,52045,33840340
2016/06/29,12361,33852701
2016/06/30,35339,33888040
2016/07/01,4901,33892941
2016/07/02,261,33893202
2016/07/03,394,33893596
2016/07/04,1925,33895521
2016/07/05,4073,33899594
2016/07/06,335007,34234601
2016/07/07,107204,34341805
2016/07/08,283029,34624834
2016/07/09,1169,34626003
2016/07/10,3362,34629365
2016/07/11,7608,34636973
2016/07/12,18421,34655394
2016/07/13,6992,34662386
2016/07/14,6362,34668748
2016/07/15,8118,34676866
2016/07/16,3391,34680257
2016/07/17,1375,34681632
2016/07/18,4883,34686515
2016/07/19,9272,34695787
2016/07/20,8706,34704493
2016/07/21,8291,34712784
2016/07/22,10401,34723185
2016/07/23,2313,34725498
2016/07/24,2740,34728238
2016/07/25,6564,34734802
2016/07/26,2983,34737785
2016/07/27,8485,34746270
2016/07/28,6564,34752834
2016/07/29,8138,34760972
2016/07/30,698,34761670
2016/07/31,3681,34765351
2016/08/01,5922,34771273
2016/08/02,11278,34782551
2016/08/03,10754,34793305
2016/08/04,8014,34801319
2016/08/05,4734,34806053
2016/08/06,80958,34887011
2016/08/07,1033,34888044
2016/08/08,6751,34894795
2016/08/09,8356,34903151
2016/08/10,9368,34912519
2016/08/11,145324,35057843
2016/08/12,92530,35150373
2016/08/13,2101,35152474
2016/08/14,1991,35154465
2016/08/15,6438,35160903
2016/08/16,130838,35291741
2016/08/17,19405,35311146
2016/08/18,14732,35325878
2016/08/19,22791,35348669
2016/08/20,3098,35351767
2016/08/21,2287,35354054
2016/08/22,11827,35365881
2016/08/23,13071,35378952
2016/08/24,11901,35390853
2016/08/25,8699,35399552
2016/08/26,6666,35406218
2016/08/27,1337,35407555
2016/08/28,1623,35409178
2016/08/29,9457,35418635
2016/08/30,39402,35458037
2016/08/31,3877,35461914
2016/09/01,15743,35477657
2016/09/02,102123,35579780
2016/09/03,1056,35580836
2016/09/04,1857,35582693
2016/09/05,964,35583657
2016/09/06,9039,35592696
2016/09/07,31174,35623870
2016/09/08,10162,35634032
2016/09/09,7949,35641981
2016/09/10,36234,35678215
2016/09/11,109,35678324
2016/09/12,10793,35689117
2016/09/13,15397,35704514
2016/09/14,8945,35713459
2016/09/15,9244,35722703
2016/09/16,155288,35877991
2016/09/17,1413,35879404
2016/09/18,1068,35880472
2016/09/19,7395,35887867
2016/09/20,8718,35896585
2016/09/21,13748,35910333
2016/09/22,5290,35915623
2016/09/23,43418,35959041
2016/09/24,2288,35961329
2016/09/25,1882,35963211
2016/09/26,9309,35972520
2016/09/27,56016,36028536
2016/09/28,481869,36510405
2016/09/29,142663,36653068
2016/09/30,8666,36661734
2016/10/01,2087,36663821
2016/10/02,759,36664580
2016/10/03,7961,36672541
2016/10/04,23582,36696123
2016/10/05,28460,36724583
2016/10/06,4657,36729240
2016/10/07,9251,36738491
2016/10/08,3112,36741603
2016/10/09,1225,36742828
2016/10/10,4078,36746906
2016/10/11,12301,36759207
2016/10/12,33197,36792404
2016/10/13,8929,36801333
2016/10/14,13457,36814790
2016/10/15,1731,36816521
2016/10/16,1193,36817714
2016/10/17,920154,37737868
2016/10/18,17496,37755364
2016/10/19,40138,37795502
2016/10/20,12422,37807924
2016/10/21,11641,37819565
2016/10/22,33615,37853180
2016/10/23,6916,37860096
2016/10/24,46097,37906193
2016/10/25,40546,37946739
2016/10/26,19471,37966210
2016/10/27,8835,37975045
2016/10/28,31884,38006929
2016/10/29,1357,38008286
2016/10/30,2213,38010499
2016/10/31,191443,38201942
2016/11/01,13247,38215189
2016/11/02,27253,38242442
2016/11/03,15012,38257454
2016/11/04,8910,38266364
2016/11/05,2787,38269151
2016/11/06,2070,38271221
2016/11/07,5597,38276818
2016/11/08,11460,38288278
2016/11/09,69911,38358189
2016/11/10,17013,38375202
2016/11/11,8330,38383532
2016/11/12,507,38384039
2016/11/13,841,38384880
2016/11/14,47016,38431896
2016/11/15,10836,38442732
2016/11/16,94239,38536971
2016/11/17,29294,38566265
2016/11/18,34926,38601191
2016/11/19,11091,38612282
2016/11/20,5677,38617959
2016/11/21,6357,38624316
2016/11/22,18524,38642840
2016/11/23,13266,38656106
2016/11/24,1838,38657944
2016/11/25,6486,38664430
2016/11/26,757,38665187
2016/11/27,501,38665688
2016/11/28,20629,38686317
2016/11/29,364017,39050334
2016/11/30,20438,39070772
2016/12/01,5906,39076678
2016/12/02,10918,39087596
2016/12/03,11568,39099164
2016/12/04,1949,39101113
2016/12/05,12901,39114014
2016/12/06,18730,39132744
2016/12/07,17224,39149968
2016/12/08,8656,39158624
2016/12/09,7043,39165667
2016/12/10,1471,39167138
2016/12/11,9672,39176810
2016/12/12,21566,39198376
2016/12/13,93269,39291645
2016/12/14,8682,39300327
2016/12/15,11700,39312027
2016/12/16,8239,39320266
2016/12/17,2242,39322508
2016/12/18,2644,39325152
2016/12/19,351227,39676379
2016/12/20,10681,39687060
2016/12/21,50172,39737232
2016/12/22,7124,39744356
2016/12/23,1798,39746154
2016/12/24,486,39746640
2016/12/25,762,39747402
2016/12/26,1277,39748679
2016/12/27,4480,39753159
2016/12/28,9292,39762451
2016/12/29,13861,39776312
2016/12/30,1657,39777969
2016/12/31,335,39778304
2017/01/01,798,39779102
2017/01/02,5091,39784193
2017/01/03,38960,39823153
2017/01/04,14849,39838002
2017/01/05,13675,39851677
2017/01/06,134919,39986596
2017/01/07,762,39987358
2017/01/08,1242,39988600
2017/01/09,7197,39995797
2017/01/10,22862,40018659
2017/01/11,88945,40107604
2017/01/12,9723,40117327
2017/01/13,68678,40186005
2017/01/14,1144,40187149
2017/01/15,3196,40190345
2017/01/16,13528,40203873
2017/01/17,6929,40210802
2017/01/18,194825,40405627
2017/01/19,177552,40583179
2017/01/20,68202,40651381
2017/01/21,6750,40658131
2017/01/22,4739,40662870
2017/01/23,13228,40676098
2017/01/24,45371,40721469
2017/01/25,30200,40751669
2017/01/26,9962,40761631
2017/01/27,21091,40782722
2017/01/28,665486,41448208
2017/01/29,31220,41479428
2017/01/30,13870,41493298
2017/01/31,16560,41509858
2017/02/01,37424,41547282
2017/02/02,62584,41609866
2017/02/03,22063,41631929
2017/02/04,755,41632684
2017/02/05,1144,41633828
2017/02/06,13236,41647064
2017/02/07,18962,41666026
2017/02/08,14350,41680376
2017/02/09,16059,41696435
2017/02/10,15370,41711805
2017/02/11,6338,41718143
2017/02/12,4378,41722521
2017/02/13,31355,41753876
2017/02/14,29112,41782988
2017/02/15,12941,41795929
2017/02/16,24102,41820031
2017/02/17,24149,41844180
2017/02/18,4579,41848759
2017/02/19,5487,41854246
2017/02/20,13800,41868046
2017/02/21,17240,41885286
2017/02/22,16436,41901722
2017/02/23,60070,41961792
2017/02/24,42210,42004002
2017/02/25,6134,42010136
2017/02/26,5230,42015366
2017/02/27,312281,42327647
2017/02/28,39475,42367122
2017/03/01,28533,42395655
2017/03/02,12909,42408564
2017/03/03,15288,42423852
2017/03/04,1946,42425798
2017/03/05,673,42426471
2017/03/06,16530,42443001
2017/03/07,21688,42464689
2017/03/08,10938,42475627
2017/03/09,5257,42480884
2017/03/10,14985,42495869
2017/03/11,4918,42500787
2017/03/12,2254,42503041
2017/03/13,7606,42510647
2017/03/14,33898,42544545
2017/03/15,12107,42556652
2017/03/16,436131,42992783
2017/03/17,16184,43008967
2017/03/18,2745,43011712
2017/03/19,334,43012046
2017/03/20,10287,43022333
2017/03/21,8597,43030930
2017/03/22,113329,43144259
2017/03/23,12777,43157036
2017/03/24,9346,43166382
2017/03/25,494,43166876
2017/03/26,645,43167521
2017/03/27,10013,43177534
2017/03/28,16935,43194469
2017/03/29,11182,43205651
2017/03/30,6223,43211874
2017/03/31,7593,43219467
2017/04/01,3488,43222955
2017/04/02,2107,43225062
2017/04/03,10492,43235554
2017/04/04,99390,43334944
2017/04/05,7857,43342801
2017/04/06,6560,43349361
2017/04/07,6335,43355696
2017/04/08,2873,43358569
2017/04/09,282396,43640965
2017/04/10,16599,43657564
2017/04/11,143341,43800905
2017/04/12,41728,43842633
2017/04/13,15244,43857877
2017/04/14,8114,43865991
2017/04/15,1617,43867608
2017/04/16,2846,43870454
2017/04/17,8737,43879191
2017/04/18,12532,43891723
2017/04/19,25478,43917201
2017/04/20,6836,43924037
2017/04/21,11513,43935550
2017/04/22,6162,43941712
2017/04/23,256,43941968
2017/04/24,12120,43954088
2017/04/25,17599,43971687
2017/04/26,9564,43981251
2017/04/27,20060,44001311
2017/04/28,383727,44385038
2017/04/29,2728,44387766
2017/04/30,105,44387871
2017/05/01,6885,44394756
2017/05/02,127712,44522468
2017/05/03,6292,44528760
2017/05/04,8942,44537702
2017/05/05,7930,44545632
2017/05/06,535,44546167
2017/05/07,3917,44550084
2017/05/08,5974,44556058
2017/05/09,6864,44562922
2017/05/10,235701,44798623
2017/05/11,15635,44814258
2017/05/12,14617,44828875
2017/05/13,4362,44833237
2017/05/14,5048,44838285
2017/05/15,16877,44855162
2017/05/16,11452,44866614
2017/05/17,29019,44895633
2017/05/18,6812,44902445
2017/05/19,11159,44913604
2017/05/20,1519,44915123
2017/05/21,2098,44917221
2017/05/22,7317,44924538
2017/05/23,8290,44932828
2017/05/24,5237,44938065
2017/05/25,5623,44943688
2017/05/26,3813,44947501
2017/05/27,506,44948007
2017/05/28,736,44948743
2017/05/29,1568,44950311
2017/05/30,3807,44954118
2017/05/31,4424,44958542
2017/06/01,1400,44959942
2017/06/02,154,44960096
